40 20 15 0 33 0 51 54 0 44 30 17 61 0 0 62 1 64 24 13 0 7 0 26 0 42 29 4 0 57 0 18 27 0 34 0 59 43 19 0 12 0 52 0 55 37 46 50 47 0 0 36 3 35 9 0 5 49 0 10 0 23 31 41
38 57 0 0 48 0 0 0 8 40 4 0 2 0 42 12 0 55 0 31 0 25 21 39 0 16 64 17 20 0 59 0 0 58 0 46 24 9 1 0 26 51 30 0 18 0 27 0 50 13 0 15 0 10 45 11 0 0 0 53 0 0 44 47
0 0 4 47 28 41 6 0 0 59 1 23 20 35 16 27 11 0 18 30 0 0 56 34 40 0 50 46 45 0 21 0 0 10 0 63 14 17 0 5 15 64 0 0 9 48 0 49 8 42 43 24 22 19 54 0 0 60 26 13 38 62 0 0
10 9 0 30 11 0 5 21 36 24 13 0 29 0 57 60 38 0 3 19 0 62 0 51 12 55 47 1 43 0 63 7 50 41 0 8 23 26 37 25 6 0 39 0 4 14 0 35 17 18 0 53 0 20 58 52 40 45 0 15 28 0 32 64
0 0 0 0 52 43 0 36 7 14 58 41 0 53 9 47 8 10 63 5 0 44 45 33 54 49 56 51 0 34 0 0 0 0 60 0 4 55 31 13 61 38 23 0 40 42 3 21 39 30 29 0 48 64 27 59 19 0 24 46 0 0 0 0
0 13 59 0 64 53 0 0 26 0 0 63 55 28 3 0 0 6 0 0 60 58 0 35 33 0 0 48 24 38 41 23 45 57 47 52 7 0 0 18 17 0 44 62 0 0 36 0 0 1 56 51 49 0 0 5 0 0 2 50 0 16 4 0
55 42 0 0 14 45 0 0 5 0 0 0 15 37 0 0 28 20 36 9 23 0 47 0 27 0 13 0 60 0 11 32 62 40 0 3 0 39 0 16 0 43 0 10 33 7 63 22 0 0 26 21 0 0 0 61 0 0 25 34 0 0 1 8
0 0 0 18 22 24 2 35 0 33 31 51 10 52 38 0 17 43 0 0 15 4 0 37 30 0 62 19 0 0 26 36 64 21 0 0 20 56 0 61 25 0 29 41 0 0 5 45 0 28 40 34 23 55 63 0 11 58 7 14 57 0 0 0
0 0 5 0 0 0 0 62 0 55 12 0 41 0 1 0 0 0 26 2 40 18 64 0 29 24 30 0 0 60 0 4 8 0 57 0 0 37 44 56 0 47 6 21 35 52 0 0 0 19 0 45 0 39 16 0 59 0 0 0 0 42 0 0
63 1 44 0 0 28 0 0 58 39 50 2 25 0 23 24 9 8 0 38 7 55 30 0 19 0 33 0 35 52 0 11 15 0 22 26 0 3 0 42 0 17 12 43 32 0 49 16 36 40 0 14 46 13 53 6 0 0 18 0 0 47 10 56
30 18 29 0 31 0 0 0 21 0 0 59 8 32 40 0 41 37 0 43 51 3 48 0 50 62 16 42 0 56 0 0 0 0 2 0 12 54 6 58 0 63 34 46 36 0 19 9 0 60 35 25 1 0 0 20 0 0 0 23 0 28 55 14
64 0 54 42 60 13 40 0 34 29 0 47 43 0 0 4 31 56 39 0 0 22 61 32 0 6 17 38 1 36 0 8 5 0 11 25 52 53 55 0 59 20 7 0 0 45 14 15 26 0 0 41 10 0 18 27 0 19 50 49 46 12 0 24
41 26 0 38 55 0 35 58 18 57 0 60 46 6 13 0 0 47 44 53 28 33 17 0 0 20 22 63 48 43 0 0 0 0 14 51 49 4 45 0 0 23 10 25 62 29 40 0 0 5 54 42 64 0 15 50 52 3 0 27 36 0 8 2
9 0 0 0 16 6 0 53 0 35 0 54 0 44 20 0 5 24 52 0 25 13 29 19 3 0 0 40 32 0 47 0 0 39 0 27 34 0 0 41 55 42 50 61 0 28 48 18 0 23 11 0 57 0 21 0 30 0 4 37 0 0 0 22
0 50 43 36 0 0 0 45 14 52 38 0 0 11 56 0 15 0 0 59 0 42 6 60 21 0 53 0 64 12 0 46 23 0 13 62 0 20 0 63 57 1 41 0 8 0 0 3 0 47 22 0 0 49 32 7 26 0 0 0 40 39 54 0
7 37 0 22 10 0 0 52 48 30 0 0 0 15 28 51 0 50 0 14 0 45 0 0 49 0 34 18 13 0 0 54 40 0 0 33 43 64 0 47 0 0 56 0 60 0 38 0 3 8 63 0 0 0 55 2 35 0 0 17 58 0 6 62
53 56 28 55 54 39 26 3 0 43 61 0 0 13 46 32 25 22 0 7 24 0 5 0 47 0 40 0 34 30 17 52 16 44 27 50 0 59 0 48 0 58 0 45 64 0 23 31 18 38 20 0 0 36 60 0 2 21 29 41 1 19 49 37
43 0 2 6 21 10 0 9 20 0 0 1 0 0 27 52 0 45 8 16 31 0 46 64 0 53 0 35 0 0 50 0 0 12 0 0 62 0 38 0 56 61 0 3 59 34 51 0 33 44 0 0 37 0 0 39 47 0 23 22 32 24 0 58
13 24 23 0 15 60 62 41 0 47 0 0 0 5 18 0 0 28 0 51 0 63 59 0 0 27 0 0 54 10 56 19 2 33 37 1 0 0 36 0 0 40 55 0 22 0 6 0 0 3 50 0 0 0 12 0 17 35 16 39 0 26 61 34
27 0 31 0 61 0 45 0 0 0 0 44 37 0 15 29 23 41 0 0 0 0 26 58 36 0 0 12 18 1 39 64 7 14 53 21 6 0 0 20 62 5 0 0 0 0 17 2 24 25 0 56 52 0 0 0 0 42 0 8 0 33 0 59
0 0 0 14 7 1 12 63 41 31 35 64 0 21 17 59 42 0 6 49 4 0 0 0 61 3 37 13 2 0 16 0 0 30 0 23 39 19 58 43 0 0 0 38 15 32 0 27 9 34 47 0 45 22 8 53 54 36 60 52 20 0 0 0
0 58 52 0 20 25 0 19 11 7 0 33 36 0 48 30 3 61 0 18 0 0 38 43 46 0 51 15 28 59 0 0 0 0 35 47 41 13 0 40 1 57 0 0 26 0 42 24 2 27 0 54 55 0 17 21 45 0 10 6 0 64 12 0
0 0 34 0 0 42 29 0 0 22 63 0 45 0 39 26 2 27 0 35 13 0 60 36 38 58 0 9 4 14 62 0 0 54 15 61 57 0 56 46 10 52 0 53 21 0 20 30 31 64 0 19 0 16 6 0 0 7 51 0 0 55 0 0
22 4 18 33 0 16 36 0 0 0 24 3 58 0 60 0 0 44 56 10 0 21 0 17 0 7 23 6 0 45 20 42 32 51 63 0 28 25 64 0 37 0 54 0 41 43 47 0 0 26 0 1 15 61 0 0 0 27 14 0 31 13 62 48
50 0 6 31 0 61 20 0 42 0 0 57 0 24 2 21 0 0 13 26 8 14 0 47 37 0 0 59 52 0 12 44 43 4 0 39 1 0 0 11 7 0 22 64 3 41 0 0 35 33 30 0 60 0 0 19 0 48 32 0 27 53 0 45
0 63 0 0 30 23 38 46 0 0 8 5 27 1 41 55 19 53 0 64 0 20 15 0 4 0 3 0 0 0 42 0 0 62 0 0 0 47 0 7 0 10 2 0 56 0 11 43 48 50 32 26 17 18 0 0 28 14 37 35 0 0 33 0
0 41 0 44 0 21 0 18 0 51 23 52 0 61 0 64 50 0 0 0 17 0 37 0 9 0 14 7 0 0 29 28 22 15 0 0 46 27 0 8 0 48 0 63 0 0 0 53 6 0 62 0 38 45 2 0 16 0 12 0 47 0 58 0
1 0 32 52 0 0 37 0 62 38 0 50 0 19 0 22 0 21 0 25 35 0 7 3 20 13 24 34 0 33 64 15 58 53 44 0 16 29 12 17 18 27 0 57 47 0 4 0 43 0 51 0 36 0 56 9 0 46 0 0 55 63 0 54
59 8 0 27 62 29 49 34 47 15 0 0 35 4 54 14 6 33 28 0 58 46 24 0 0 0 11 0 0 0 0 48 36 0 0 0 0 30 0 0 0 32 17 20 0 50 26 51 64 37 42 3 0 0 41 10 44 52 13 25 18 0 60 39
16 47 13 0 0 55 0 15 43 58 7 25 6 0 29 44 32 48 0 34 0 23 18 0 0 10 45 0 0 46 2 0 0 20 19 0 0 14 59 0 0 12 49 0 39 0 21 62 27 11 0 52 28 5 4 54 31 0 64 0 0 3 38 1
0 0 33 0 0 58 0 7 56 0 0 0 0 39 0 0 36 0 55 27 0 0 10 0 62 41 18 32 38 0 0 0 0 0 0 64 21 2 50 3 0 14 0 0 19 59 0 13 0 0 61 0 0 0 0 16 8 0 30 0 0 34 0 0
0 3 42 0 17 54 0 0 10 0 33 18 0 0 31 0 4 0 41 0 57 43 44 59 0 47 0 0 61 50 27 0 0 63 6 48 0 0 5 0 45 16 36 52 0 46 0 55 0 20 0 0 39 21 0 58 0 0 49 2 0 9 51 0
0 0 0 61 3 26 0 0 0 0 39 0 0 42 5 2 7 0 0 22 9 64 23 21 34 14 55 0 0 32 0 13 20 0 28 0 0 62 63 57 53 41 46 19 54 0 0 33 45 36 24 0 0 31 0 0 0 0 35 51 43 0 0 0
0 0 0 12 0 0 39 0 0 0 0 0 0 54 50 0 26 34 25 0 55 0 63 0 52 36 0 0 56 0 6 0 0 8 0 49 0 0 46 15 0 30 0 40 0 51 62 48 0 17 5 0 0 0 0 0 0 32 0 0 23 0 0 0
25 0 0 0 23 0 63 32 38 0 18 45 0 58 12 0 13 19 0 0 0 24 36 0 0 0 57 0 7 17 0 62 4 0 64 43 0 1 0 0 0 60 31 0 0 0 10 29 0 51 52 0 61 54 0 35 14 8 0 47 0 0 0 33
21 0 41 0 36 57 44 55 51 0 48 0 0 0 0 34 61 16 38 15 0 0 0 14 0 0 0 31 0 0 45 0 0 5 0 0 30 0 0 0 43 0 0 0 37 64 39 56 10 0 0 0 0 2 0 1 6 18 3 9 0 11 0 26
0 64 0 0 0 4 9 0 61 0 19 31 24 47 36 23 27 12 35 8 56 5 0 45 63 0 0 0 3 0 1 43 37 29 0 14 0 0 0 60 2 0 25 11 50 22 57 20 53 15 58 16 21 7 0 41 0 54 38 0 0 0 46 0
0 0 0 1 56 0 0 29 37 0 15 28 7 0 25 40 43 4 60 0 11 6 0 10 0 0 38 41 0 0 8 47 17 31 0 0 35 48 0 0 49 0 45 9 0 5 32 52 13 63 0 62 50 23 0 26 36 0 0 19 34 0 0 0
20 0 0 0 37 38 31 0 0 13 17 0 52 14 22 16 46 39 50 0 1 2 51 62 0 19 0 0 40 4 0 0 0 0 3 56 0 0 25 0 21 36 26 12 0 23 35 47 60 32 6 30 0 34 64 0 0 63 58 7 0 0 0 57
0 62 0 16 0 50 0 27 46 41 32 4 44 0 0 56 0 54 58 0 3 0 40 0 0 0 49 29 0 0 0 0 0 0 0 0 45 10 0 0 0 59 0 18 0 17 13 0 14 0 0 37 20 57 43 28 21 0 5 0 52 0 2 0
32 49 14 0 38 0 57 8 52 0 5 0 0 27 0 45 60 0 51 0 36 53 13 0 43 0 0 61 25 0 0 3 1 0 0 54 10 0 0 50 0 46 19 26 0 58 0 63 7 0 55 0 0 9 0 64 20 37 0 12 0 21 24 30
0 0 25 0 13 52 0 0 2 0 47 0 0 46 0 0 0 29 45 54 33 50 55 0 0 0 41 0 26 19 24 56 60 61 43 44 0 63 0 0 0 37 28 14 17 10 1 0 0 0 21 0 0 15 0 31 0 0 57 4 0 36 0 0
0 61 0 0 50 7 42 0 35 12 0 8 0 38 0 6 0 26 21 0 0 0 19 0 13 23 0 55 0 62 33 0 0 27 29 0 36 0 41 30 0 49 0 0 0 57 45 0 22 0 48 0 24 0 1 63 0 2 15 58 0 0 18 0
46 59 26 0 2 3 15 43 0 0 37 7 23 41 0 33 64 30 0 0 49 61 27 25 16 28 12 20 0 11 31 17 56 47 9 0 13 58 18 24 36 35 8 50 0 0 52 38 34 0 44 60 14 4 0 0 29 62 54 48 0 6 63 51
33 0 56 0 63 64 0 0 0 36 0 30 21 18 58 13 35 7 0 17 0 0 0 20 0 0 0 0 22 0 0 9 46 0 0 34 0 0 0 0 32 0 0 0 42 0 15 25 29 54 41 47 40 0 38 0 0 0 44 61 0 5 0 43
44 36 55 51 41 0 48 23 0 61 54 0 59 29 0 42 24 14 0 0 0 10 22 6 58 1 0 0 0 40 30 0 0 3 38 0 0 0 57 33 39 4 64 0 0 0 18 5 20 0 27 50 0 11 35 0 46 34 0 45 17 60 53 52
24 31 62 5 4 0 27 12 0 0 3 0 9 0 14 10 0 1 0 52 34 15 0 57 8 45 46 0 36 0 0 35 49 0 0 55 0 23 32 6 30 0 47 48 43 0 7 0 25 61 0 2 0 51 0 0 64 59 0 28 22 50 41 40
54 40 0 29 0 0 18 0 0 49 25 0 28 50 44 19 0 0 48 0 38 0 3 63 42 0 7 64 14 47 34 6 21 37 17 20 5 45 0 53 23 22 0 51 0 62 0 0 52 58 8 12 0 43 57 0 0 26 0 0 33 0 9 31
61 0 63 4 24 0 17 20 23 42 0 58 12 0 0 0 0 5 31 45 50 38 9 41 32 34 48 0 51 22 52 60 53 25 39 15 0 6 14 29 13 44 3 33 7 49 43 0 0 0 0 46 26 0 28 47 37 55 0 18 54 8 0 27
0 27 35 25 12 0 54 13 30 56 0 14 16 0 0 41 0 2 62 0 6 34 0 1 7 0 19 33 0 39 0 0 0 0 58 0 3 11 0 21 9 0 40 47 0 4 24 0 55 0 0 5 42 0 20 37 38 28 0 32 64 48 57 0
0 0 60 2 40 0 55 47 64 48 62 0 13 0 4 0 59 11 49 3 0 28 42 12 0 0 9 0 50 0 43 38 34 19 0 31 0 57 0 0 52 53 58 0 30 26 25 6 0 21 0 18 0 27 44 23 15 24 0 1 56 46 0 0
0 38 3 0 0 34 56 59 50 2 11 39 47 0 0 37 33 0 0 0 21 57 20 0 25 12 4 28 30 63 46 0 0 45 51 35 27 18 9 54 0 31 14 5 0 0 0 1 16 0 0 64 13 53 36 29 62 43 40 0 0 49 52 0
0 16 0 37 1 18 0 28 63 5 0 22 0 20 0 49 52 17 0 23 26 19 0 30 6 29 21 47 42 53 0 0 0 0 62 12 64 40 2 10 51 0 32 27 57 0 59 41 61 0 9 0 25 0 7 43 58 0 31 60 50 0 13 0
15 43 0 0 0 46 32 64 27 45 0 55 57 8 0 0 48 0 0 47 0 0 0 7 2 0 0 0 11 0 0 26 44 0 0 37 0 0 0 28 22 0 0 0 63 0 0 42 0 0 3 6 31 0 40 12 34 9 19 0 0 0 35 21
0 21 9 7 5 31 41 44 17 0 28 32 38 0 6 0 0 40 46 0 0 0 0 0 0 64 61 0 0 27 0 1 47 0 20 0 0 52 33 0 0 0 0 0 0 60 50 0 0 24 0 10 34 58 0 8 42 12 22 16 2 45 26 0
57 29 0 50 6 0 0 33 0 0 46 9 0 0 43 18 53 36 64 58 27 35 0 0 0 0 5 56 44 0 3 0 0 13 0 16 61 42 0 0 0 0 21 54 34 2 12 23 63 22 0 0 32 60 0 0 25 0 0 59 14 0 39 10
34 5 64 41 0 0 8 30 0 0 52 0 50 57 7 15 44 60 0 0 18 32 33 46 0 4 0 0 19 48 35 0 0 56 23 29 0 0 27 0 40 24 37 28 0 0 53 59 1 10 39 55 0 6 0 0 51 20 0 0 26 25 45 49
0 55 0 57 45 63 0 1 32 0 0 12 5 0 0 0 10 3 37 29 61 0 62 4 11 0 6 39 46 9 28 50 41 34 54 59 15 35 0 49 48 56 0 44 52 21 64 26 0 0 0 31 19 0 0 22 60 0 42 24 8 0 27 0
0 0 39 46 58 59 43 0 44 37 0 53 3 49 55 38 0 52 7 57 0 0 0 0 26 56 54 0 21 0 40 29 11 24 0 32 0 28 17 22 0 0 0 0 6 18 34 0 42 9 64 63 33 0 50 62 0 5 41 36 12 14 0 0
52 6 20 0 0 27 16 0 24 23 0 29 1 63 0 11 34 0 0 55 0 26 41 0 14 0 25 49 5 0 53 12 10 48 0 36 2 21 0 51 0 7 43 0 31 0 0 57 37 0 60 17 54 0 61 45 0 38 46 0 0 44 22 13
0 0 61 0 0 0 10 22 16 54 0 42 0 0 45 17 0 0 12 21 20 36 31 48 0 0 27 60 0 13 23 51 39 43 1 0 37 46 0 0 19 9 33 55 38 63 0 0 5 7 0 0 29 0 26 24 50 57 0 0 0 58 0 0
0 0 0 9 0 19 3 26 28 0 36 62 60 31 59 0 0 0 23 0 0 0 0 0 17 52 0 44 37 42 0 0 0 0 45 5 58 0 20 55 0 0 0 0 0 39 0 0 0 57 12 11 27 46 0 49 63 16 43 0 61 0 0 0
0 0 0 56 0 0 7 50 19 0 0 34 0 0 0 0 58 63 47 42 0 39 0 0 45 61 0 36 0 24 32 57 12 6 25 0 40 0 13 26 0 0 62 0 49 11 60 17 0 0 0 0 59 0 0 15 4 64 0 0 9 0 0 0
0 0 37 0 44 0 0 0 33 18 0 27 22 48 61 39 0 59 0 24 43 0 50 56 64 0 20 0 0 15 10 63 42 7 52 0 0 8 0 9 58 25 0 1 45 0 29 0 41 16 13 35 30 0 34 4 0 0 0 21 0 40 0 0
