0 12 16 0 0 2 0 0 4 0 0 15 0 0 11 1
0 5 3 0 0 11 0 15 0 0 7 0 14 0 0 0
6 0 0 11 1 13 0 3 0 0 10 0 5 7 0 0
0 0 2 7 9 0 0 10 0 3 14 0 0 0 0 8
8 0 0 4 11 0 7 0 0 0 0 13 16 1 0 0
3 13 0 0 0 0 0 0 14 0 0 0 0 5 4 0
0 0 0 6 0 12 10 0 0 4 0 1 0 9 0 0
10 0 0 0 0 15 0 0 0 12 0 16 0 0 8 3
13 0 8 0 0 0 0 2 0 9 0 0 7 11 0 0
0 0 0 0 0 8 0 9 15 0 0 0 0 4 0 0
0 0 0 0 0 0 13 0 16 2 0 0 0 0 0 6
0 0 10 0 0 3 0 0 0 0 0 0 0 2 0 0
0 0 1 0 0 9 3 0 0 0 15 0 6 0 14 0
0 11 0 0 15 0 0 0 0 0 2 4 3 0 12 0
0 0 0 0 10 0 0 0 8 0 0 0 0 0 7 4
16 15 4 0 12 0 1 0 6 7 11 0 0 8 0 0
