24 0 25 0 0 0 0 26 11 0 0 12 0 0 4 14 46 0 0 39 8 0 3 16 0 0 0 0 20 47 0 0 0 29 17 30 0 31 0 0 43 21 0 0 0 0 19 10 41
17 0 0 0 31 43 47 0 0 0 0 0 2 0 0 0 0 0 28 10 15 0 27 0 0 24 0 0 40 49 0 0 36 1 0 0 39 11 13 46 0 37 42 0 34 9 3 48 0
2 22 0 0 36 0 0 0 45 0 4 44 24 6 49 0 0 41 26 0 0 19 17 0 25 43 28 0 42 13 10 0 0 0 21 14 33 15 27 35 0 34 0 39 0 23 40 0 18
1 30 40 23 38 3 0 42 17 0 0 0 0 8 0 24 0 0 7 43 21 47 0 31 0 0 44 0 18 19 0 37 11 0 27 0 28 0 12 5 48 0 2 0 0 0 0 4 0
49 0 34 19 20 28 21 0 0 0 0 3 38 0 0 23 0 25 18 0 0 0 13 42 0 0 0 4 0 26 45 39 12 5 22 17 44 0 0 0 36 7 43 15 0 0 32 16 0
16 18 0 26 0 41 0 20 15 14 40 37 27 36 30 9 45 17 35 0 0 11 1 0 21 34 0 12 0 43 8 0 28 31 44 0 0 19 10 0 0 6 33 29 25 24 0 0 38
4 0 0 9 46 12 0 19 0 0 43 0 28 0 13 42 0 0 37 34 0 0 40 0 0 48 0 39 0 2 0 41 35 0 7 18 0 20 0 3 24 29 0 0 8 0 11 44 1
0 29 48 2 0 18 24 38 0 8 46 0 15 12 0 28 0 45 0 27 0 31 0 22 0 0 40 0 0 25 0 1 0 0 0 9 4 17 0 0 0 35 37 0 0 10 0 20 16
31 0 0 0 49 26 0 0 0 36 0 7 37 0 0 44 0 32 40 42 0 0 16 30 35 4 11 0 48 0 24 0 0 8 9 27 3 13 0 38 29 0 0 0 12 47 43 0 5
12 11 0 47 9 21 34 0 44 4 0 29 26 0 38 39 35 0 10 33 0 32 0 17 7 6 25 37 5 0 0 0 45 0 0 0 31 0 42 0 20 30 3 0 49 15 0 0 22
0 20 46 37 0 0 3 43 0 0 22 24 0 0 0 0 34 0 0 2 0 18 47 0 1 44 27 10 31 28 36 0 0 0 26 0 32 48 45 7 0 0 30 8 0 13 17 0 0
28 1 0 0 0 14 0 33 0 0 0 0 0 0 0 13 0 26 0 37 4 0 0 0 0 45 46 0 47 6 0 10 29 0 0 0 40 22 41 34 15 43 9 0 0 0 7 39 44
41 0 38 0 0 0 36 0 31 9 45 49 39 47 1 0 0 0 0 0 0 5 19 12 0 0 0 8 0 7 0 13 4 0 42 0 21 46 0 0 44 16 27 28 0 48 0 29 34
0 15 44 0 0 0 0 0 1 0 3 35 30 0 0 7 11 19 0 0 0 29 0 9 20 28 34 2 22 0 0 0 37 0 0 26 5 0 14 36 23 0 18 25 0 45 4 31 0
23 0 0 38 0 9 0 36 0 0 0 0 46 28 27 18 0 5 0 0 20 0 0 32 34 0 41 21 1 22 0 0 0 7 0 0 42 29 17 0 45 3 44 14 16 0 10 0 13
0 0 37 5 48 0 20 0 0 0 17 0 0 0 0 40 0 0 34 38 14 45 0 24 0 0 49 47 0 0 42 0 0 0 0 11 10 0 31 0 32 13 0 12 41 39 9 18 33
0 3 17 45 34 0 0 0 0 0 0 14 0 0 0 0 36 12 0 6 33 42 0 27 10 0 20 29 46 39 0 31 0 0 24 16 0 0 26 0 2 19 0 48 4 32 1 0 7
10 19 42 18 11 0 6 45 20 31 8 4 29 0 0 0 47 0 3 17 0 14 38 48 0 0 9 7 2 23 0 5 0 13 0 0 0 0 34 0 0 33 36 0 26 35 30 0 0
0 7 32 12 0 15 49 0 6 0 48 30 9 0 0 0 0 0 0 31 10 0 44 0 8 19 1 22 34 41 0 0 17 37 0 0 23 0 39 0 0 28 29 45 0 0 24 43 11
44 0 26 24 33 16 0 1 42 37 0 34 0 0 35 0 2 30 0 22 29 28 39 3 0 0 4 46 0 0 0 0 0 36 10 43 0 27 0 49 0 20 0 38 19 6 5 0 0
39 31 14 0 28 8 2 0 32 0 24 19 43 0 0 49 0 0 1 41 0 13 15 0 26 23 0 11 29 4 0 3 16 0 0 0 12 0 18 0 0 46 34 0 0 27 0 0 0
0 38 21 0 0 25 29 14 0 32 0 11 18 31 40 43 13 0 23 26 0 0 8 20 45 22 10 3 0 16 37 17 0 0 0 0 24 0 0 19 0 27 0 30 44 0 0 42 0
7 0 0 41 2 0 23 47 16 13 0 27 0 17 0 22 42 20 12 0 0 0 26 49 31 0 0 35 0 44 0 38 0 4 0 34 0 0 32 0 0 0 8 10 29 19 0 0 25
0 0 3 15 16 0 12 0 30 0 26 0 25 0 6 0 17 9 31 0 34 0 36 4 0 27 38 1 13 35 0 20 10 49 11 0 18 2 0 0 37 0 32 0 43 0 0 28 0
11 46 33 44 32 0 10 0 0 0 1 23 21 0 0 38 4 0 14 35 28 0 30 0 0 0 29 0 26 8 5 0 7 0 18 15 0 45 16 0 42 40 49 0 0 0 39 37 0
0 17 31 43 0 34 0 0 0 0 0 0 0 0 0 0 7 44 0 0 0 40 9 0 48 37 0 24 0 15 1 6 14 21 30 23 49 0 46 39 11 0 16 26 13 36 47 33 27
36 40 0 28 0 4 8 0 43 5 0 9 0 3 0 10 48 15 19 0 0 34 46 47 41 39 0 44 0 0 0 0 33 32 0 0 30 7 0 0 0 0 1 11 0 21 0 0 0
14 39 19 0 0 0 22 0 8 0 28 15 41 0 32 1 30 11 25 49 27 7 0 0 0 0 12 16 0 0 0 0 42 40 0 0 9 0 44 31 4 47 0 17 48 0 0 0 24
0 16 18 0 25 17 0 0 35 0 41 1 47 40 34 2 19 49 0 9 0 0 0 39 4 0 30 27 0 0 0 0 32 28 0 31 20 0 21 0 0 10 0 6 22 43 23 0 37
15 14 39 11 41 37 40 0 36 0 23 26 42 25 8 3 10 38 27 44 0 9 0 13 0 20 22 0 0 0 4 18 21 16 0 1 34 0 35 32 0 2 7 49 33 0 48 0 46
34 10 7 0 23 0 30 0 22 38 6 18 0 27 20 35 0 0 33 13 0 0 0 19 12 14 0 0 0 24 0 49 26 0 0 0 0 16 0 0 0 0 0 5 0 3 44 9 42
0 5 1 20 0 0 31 0 9 0 0 2 7 33 0 26 0 39 6 0 46 43 0 0 0 0 35 40 38 34 0 0 23 48 13 28 17 25 3 22 0 18 0 16 32 0 27 0 30
19 48 9 0 42 0 0 0 28 24 0 10 16 29 23 0 18 0 41 25 7 8 32 38 0 1 0 0 37 0 3 15 47 20 5 0 0 33 0 4 27 44 14 0 0 0 12 17 2
0 2 0 0 6 13 33 0 19 21 0 43 0 0 0 0 37 16 29 4 42 24 0 0 11 25 15 26 0 0 27 46 22 30 41 12 0 0 9 23 49 0 10 0 0 0 20 45 0
0 26 0 3 44 24 0 46 5 0 0 8 0 0 12 0 0 22 0 40 1 0 0 0 0 0 33 18 0 0 0 42 9 0 2 0 0 0 0 6 0 14 19 0 21 34 0 0 39
48 0 47 0 45 0 0 0 29 18 0 13 0 0 21 27 0 37 24 15 38 0 22 11 2 8 0 32 12 0 0 43 0 0 0 0 0 9 49 44 0 42 0 1 0 0 0 46 19
0 0 0 13 0 29 38 0 0 0 36 0 1 0 0 0 43 4 0 0 6 12 35 0 0 0 31 0 14 27 46 16 0 0 40 0 0 0 30 20 41 39 25 0 47 22 0 0 10
0 0 12 0 0 0 26 27 2 23 0 0 0 0 19 0 0 8 30 29 35 0 0 1 38 41 37 0 15 0 0 0 39 0 45 0 0 24 5 0 0 11 0 13 0 0 21 34 0
43 0 0 0 27 19 0 0 47 0 0 0 40 45 39 0 23 0 0 3 0 46 48 25 30 33 17 6 10 0 0 4 1 26 0 13 29 0 0 37 0 22 0 0 0 14 42 32 0
0 24 8 0 0 35 0 5 0 19 11 31 0 4 10 0 41 34 0 36 0 0 23 0 18 0 39 42 0 0 6 29 38 0 37 3 0 32 0 0 0 45 12 0 9 16 0 30 0
5 0 0 6 30 23 0 0 26 0 14 0 44 46 48 0 0 1 42 32 0 10 0 21 27 3 0 9 0 17 0 28 13 19 0 33 36 34 0 0 25 4 45 0 0 49 31 7 40
0 0 20 34 3 0 42 0 38 0 12 21 0 9 0 33 0 0 0 0 0 36 0 0 15 13 0 19 30 32 22 24 41 0 0 0 0 0 0 16 0 0 0 35 0 4 37 0 0
0 35 0 0 24 0 0 11 0 0 0 36 4 0 7 15 25 0 44 0 40 0 20 0 0 38 23 0 0 14 29 45 2 0 0 32 8 0 0 13 3 31 0 47 27 18 0 0 48
32 0 0 0 19 0 0 0 0 35 0 0 0 0 46 0 22 2 0 21 49 0 0 0 0 0 13 36 9 42 17 47 8 0 38 10 11 37 0 27 28 0 26 0 30 0 45 5 0
3 9 0 0 15 0 0 0 46 44 39 0 0 0 33 34 16 27 0 0 19 0 45 0 24 32 8 48 0 0 13 0 30 0 43 0 0 0 0 2 5 23 28 0 0 42 0 0 4
8 34 0 0 18 11 0 0 27 0 0 0 0 38 0 37 0 13 20 23 0 0 0 2 0 46 16 28 6 3 0 32 31 0 0 0 0 49 0 0 7 24 17 9 10 0 0 0 43
47 27 13 0 0 2 0 22 33 0 49 42 0 5 0 45 31 14 43 0 18 0 0 0 0 0 3 15 0 40 20 26 0 34 28 0 46 1 0 17 0 0 24 0 0 37 0 0 0
0 42 0 33 10 7 14 18 0 17 19 48 0 0 3 29 39 35 32 0 41 0 11 0 0 26 0 30 0 0 0 44 25 0 0 20 0 21 0 0 6 9 22 46 0 40 0 0 31
22 21 45 17 0 0 28 0 37 0 25 0 10 2 0 8 5 47 0 0 36 1 0 33 0 0 0 41 35 0 0 0 18 0 16 0 0 12 4 30 0 26 39 3 15 44 13 0 49
