24 1 32 0 6 0 5 17 3 0 26 18 0 30 0 8 13 14 29 2 23 0 31 0 12 35 0 33 16 34 0 7 0 11 25 36
8 0 36 18 16 11 0 0 32 0 0 15 0 0 0 1 9 0 0 4 21 0 0 0 30 0 0 26 0 0 10 33 2 19 0 23
13 27 0 21 33 12 0 0 14 0 4 8 31 16 32 0 17 0 0 11 0 18 6 10 36 25 0 2 0 0 26 3 29 0 20 5
0 22 34 3 0 35 0 33 13 0 11 0 0 0 0 0 28 0 0 30 0 0 0 0 0 29 0 7 4 0 16 0 31 17 24 0
31 14 23 0 0 0 0 0 1 0 0 0 36 2 27 0 5 20 35 16 0 9 13 26 0 0 0 6 0 0 0 0 0 12 8 30
0 2 29 20 0 25 0 16 10 0 0 30 0 3 0 0 0 0 0 0 0 0 7 0 17 0 0 9 31 0 15 0 32 27 1 0
16 0 0 0 0 0 34 13 23 33 22 0 5 0 0 21 27 30 2 32 31 0 0 25 0 20 8 18 26 35 0 0 0 0 0 4
12 0 0 6 0 2 26 30 0 17 8 0 22 18 3 16 33 0 0 27 10 14 15 35 0 36 29 0 19 9 5 0 25 0 0 1
32 30 18 27 11 15 7 0 0 16 0 21 23 0 0 25 0 4 13 0 29 0 0 9 28 0 5 0 0 14 31 17 24 22 10 26
0 0 0 0 0 0 14 12 11 32 0 3 10 0 34 0 0 1 4 0 0 6 0 28 31 0 25 13 27 15 0 0 0 0 0 0
1 0 31 8 0 0 10 27 0 0 0 19 9 0 26 0 15 12 23 33 0 7 0 3 22 0 0 0 6 17 0 0 36 21 0 29
25 9 17 0 0 3 0 0 5 28 15 0 20 13 24 7 31 6 26 8 1 22 36 12 0 23 21 11 0 0 18 0 0 33 30 14
0 0 2 0 25 0 18 34 29 5 6 9 14 0 7 0 26 13 22 21 0 16 0 8 33 19 28 1 35 3 0 10 0 36 0 0
22 0 13 0 7 9 0 36 0 0 0 16 0 10 2 0 8 28 11 25 0 29 1 0 23 0 0 0 20 0 34 19 0 32 0 17
0 0 14 0 27 0 0 7 0 15 20 17 19 1 4 5 0 0 0 0 9 13 30 31 2 24 16 0 36 0 0 6 0 8 0 0
6 16 0 0 0 0 11 19 31 0 0 28 0 0 25 0 22 34 12 35 0 3 0 0 14 0 0 17 8 29 0 0 0 0 4 13
28 35 8 26 19 0 3 2 0 0 12 27 32 6 0 31 16 0 0 23 14 0 4 17 5 22 0 0 34 7 0 1 11 25 15 21
3 0 0 0 10 0 23 0 8 22 14 13 27 24 0 12 0 18 34 0 5 0 20 7 15 11 6 4 0 21 0 2 0 0 0 28
2 0 0 0 3 0 16 0 27 25 35 11 1 20 0 13 0 26 30 0 19 0 23 32 10 12 7 21 0 18 0 9 0 0 0 8
26 6 4 36 14 0 15 3 0 0 19 10 11 12 0 24 35 0 0 22 34 0 16 18 25 8 0 0 9 33 0 29 5 23 21 20
19 20 0 0 0 0 21 6 17 0 0 22 0 0 9 0 3 10 8 24 0 31 0 0 13 0 0 29 23 36 0 0 0 0 28 7
0 0 15 0 23 0 0 18 0 13 34 5 21 27 22 29 0 0 0 0 26 25 33 14 4 2 1 0 24 0 0 31 0 10 0 0
9 0 25 0 12 29 0 24 0 0 0 32 0 5 33 0 34 16 3 1 0 4 21 0 6 0 0 0 22 0 36 26 0 18 0 19
0 0 11 0 21 0 31 4 26 8 29 12 28 0 18 0 32 23 5 10 0 36 0 6 3 34 14 35 30 16 0 22 0 15 0 0
5 15 6 0 0 26 0 0 9 3 10 0 24 4 19 27 18 29 20 13 35 12 22 1 0 21 34 23 0 0 25 0 0 16 2 31
18 0 12 13 0 0 25 31 0 0 0 7 8 0 1 0 14 11 9 6 0 33 0 29 27 0 0 0 2 22 0 0 21 20 0 24
0 0 0 0 0 0 33 26 12 24 0 2 13 0 15 0 0 36 17 0 0 10 0 23 19 0 31 14 25 1 0 0 0 0 0 0
11 10 24 25 31 27 35 0 0 20 0 1 16 0 0 9 0 2 32 0 8 0 0 21 18 0 30 0 0 13 14 36 4 26 29 33
35 0 0 22 0 32 13 21 0 6 18 0 33 23 31 26 30 0 0 36 25 27 28 24 0 5 9 0 29 4 8 0 15 0 0 11
21 0 0 0 0 0 27 8 15 36 17 0 6 0 0 20 25 35 16 31 18 0 0 4 0 26 12 24 3 11 0 0 0 0 0 10
0 31 5 12 0 22 0 10 25 0 0 20 0 8 0 0 0 0 0 0 0 0 3 0 34 0 0 16 28 0 33 0 6 13 7 0
36 19 35 0 0 0 0 0 18 0 0 0 29 33 16 0 12 3 27 7 0 34 10 5 0 0 0 25 0 0 0 0 0 31 26 22
0 26 3 11 0 34 0 5 16 0 31 0 0 0 0 0 10 0 0 12 0 0 0 0 0 27 0 20 15 0 4 0 1 2 36 0
15 25 0 28 30 10 0 0 7 0 3 6 34 26 17 0 1 0 0 20 0 32 29 13 35 4 0 8 0 0 27 21 19 0 12 16
23 0 7 2 17 8 0 0 34 0 0 26 0 0 0 4 20 0 0 9 28 0 0 0 21 0 0 22 0 0 11 24 3 29 0 15
29 4 21 0 9 0 30 35 24 0 28 23 0 36 0 22 19 27 18 15 11 0 8 0 26 31 0 5 7 12 0 25 0 34 17 32
