0 0 0 0 10 21 16 1 8 17 25 20 0 13 22 19 23 2 15 11 18 0 0 0 0
2 0 0 0 0 10 15 22 0 25 17 16 0 24 23 3 0 8 13 5 0 0 0 0 7
24 0 0 0 17 0 0 18 23 3 10 12 0 19 11 22 14 21 0 0 25 0 0 0 6
0 0 0 0 0 0 0 0 9 11 0 5 8 21 0 10 18 0 0 0 0 0 0 0 0
19 0 21 0 0 0 0 13 0 12 0 0 4 0 0 6 0 1 0 0 0 0 16 0 14
20 3 0 0 0 0 0 0 0 0 12 6 19 25 9 0 0 0 0 0 0 0 0 17 8
17 1 18 10 0 16 0 0 0 22 4 0 0 0 15 21 0 0 0 2 0 24 5 25 3
21 4 23 11 15 0 0 0 0 0 0 18 0 16 0 0 0 0 0 0 2 10 12 22 1
8 5 0 24 0 23 17 0 0 0 0 0 0 0 0 0 0 0 25 18 0 15 0 16 19
12 0 22 6 19 13 21 0 0 0 0 0 10 0 0 0 0 0 8 17 14 9 11 0 18
0 16 19 7 0 9 0 0 4 0 0 0 0 0 0 0 21 0 0 8 0 18 10 23 0
18 8 14 0 20 19 5 0 15 0 0 0 0 0 0 0 9 0 16 4 3 0 6 1 22
4 21 0 3 1 11 22 0 0 20 0 0 0 0 0 15 0 0 2 6 7 12 0 24 9
6 10 9 0 22 24 7 0 18 0 0 0 0 0 0 0 20 0 1 13 19 0 21 8 4
0 17 13 15 0 8 0 0 1 0 0 0 0 0 0 0 11 0 0 22 0 5 25 14 0
9 0 8 20 2 12 4 0 0 0 0 0 23 0 0 0 0 0 3 14 16 25 18 0 21
15 19 0 25 0 17 23 0 0 0 0 0 0 0 0 0 0 0 12 1 0 2 0 4 11
1 23 24 17 5 0 0 0 0 0 0 25 0 7 0 0 0 0 0 0 15 6 9 3 12
3 12 7 18 0 2 0 0 0 10 22 0 0 0 16 13 0 0 0 21 0 17 8 5 23
16 6 0 0 0 0 0 0 0 0 8 9 13 18 12 0 0 0 0 0 0 0 0 19 10
14 0 6 0 0 0 0 15 0 5 0 0 12 0 0 16 0 10 0 0 0 0 2 0 24
0 0 0 0 0 0 0 0 21 24 0 17 11 15 0 14 6 0 0 0 0 0 0 0 0
25 0 0 0 11 0 0 7 2 16 23 19 0 10 14 24 1 12 0 0 5 0 0 0 13
13 0 0 0 0 3 10 14 0 23 1 7 0 4 18 2 0 25 20 19 0 0 0 0 17
0 0 0 0 23 1 13 25 22 4 6 21 0 9 2 11 15 5 18 7 8 0 0 0 0
