89 93 30 41 0 0 0 82 0 80 63 28 0 0 6 0 4 55 14 90 0 9 34 0 95 7 0 79 19 32 64 15 0 61 98 0 11 0 0 23 0 17 97 84 22 70 27 33 16 0 49 92 86 40 96 60 58 0 0 57 91 0 0 0 25 29 54 53 1 69 0 0 0 3 46 0 0 45 0 0 0 0 44 21 100 66 0 56 37 52 31 0 0 0 0 0 59 72 0 0
0 0 3 0 0 0 0 0 28 0 71 0 19 89 0 0 0 46 0 95 0 87 0 0 0 0 0 58 86 0 0 0 0 70 60 0 72 73 0 77 50 66 0 24 26 0 0 0 4 61 41 27 37 0 9 33 53 44 0 0 0 0 0 67 0 20 65 0 82 6 0 69 0 0 0 0 8 0 0 83 84 99 43 49 13 74 23 0 0 0 21 48 0 56 97 94 81 0 15 36
59 8 63 65 0 52 55 0 0 1 0 0 69 60 11 0 83 5 0 0 0 16 71 64 2 29 21 62 0 6 57 0 38 66 0 0 0 0 12 0 95 99 80 31 0 48 15 0 7 0 56 30 75 77 0 14 0 4 43 35 73 93 13 90 86 96 37 0 0 76 0 97 0 49 58 81 0 33 0 20 9 88 0 0 39 25 87 19 0 54 18 0 0 67 3 0 0 34 50 91
37 0 0 0 0 60 0 25 0 0 80 12 0 0 0 0 0 99 0 0 83 61 55 53 0 68 76 89 0 35 67 0 82 50 1 17 71 0 0 0 0 36 54 74 0 10 56 28 0 6 0 51 19 2 0 0 65 93 31 8 0 32 84 0 94 44 0 0 0 0 96 0 0 34 0 0 41 0 0 64 16 0 46 0 0 70 0 0 0 97 69 0 66 14 95 90 4 87 0 0
49 27 0 0 36 26 56 15 84 0 58 29 30 0 0 21 50 0 40 0 0 0 46 0 17 42 100 51 0 13 14 0 94 92 0 78 63 0 95 87 0 73 0 47 5 0 55 41 57 0 67 85 74 34 88 72 54 97 0 98 71 18 0 0 59 68 0 3 33 0 0 0 9 52 0 0 91 0 82 0 62 0 0 10 7 12 20 0 32 93 79 39 19 64 25 8 38 0 11 35
73 0 0 0 0 0 86 71 0 0 0 0 27 0 0 10 0 0 0 7 0 50 0 0 81 8 65 0 14 0 59 41 0 18 47 84 0 85 0 0 34 43 0 0 96 0 0 75 0 0 78 82 0 87 79 0 76 32 0 38 0 0 22 0 0 98 0 61 23 88 0 0 0 2 0 90 0 0 70 35 42 80 0 0 92 0 15 0 4 64 0 24 30 57 0 17 62 5 9 29
88 6 96 22 9 0 0 0 0 33 0 0 73 0 0 26 0 93 0 24 0 15 0 0 18 25 31 54 0 59 0 0 76 0 45 0 62 0 68 91 82 38 0 87 60 11 2 72 46 29 7 23 16 0 0 21 55 0 70 20 74 40 27 10 0 0 75 47 0 43 98 48 0 0 77 63 14 17 0 0 58 0 5 81 0 69 0 50 78 85 0 100 0 0 0 92 53 41 0 0
18 14 67 0 0 0 69 87 45 47 35 62 61 0 33 0 96 8 0 0 40 41 98 94 52 0 0 0 4 0 75 93 43 0 0 6 46 29 0 9 78 49 0 0 37 0 3 30 0 76 73 90 91 28 83 0 0 89 22 48 56 72 0 17 95 100 0 0 97 64 68 0 27 99 92 11 0 0 0 31 0 55 0 71 57 0 79 53 0 34 0 0 32 7 0 82 0 88 12 42
0 16 0 24 23 92 75 0 0 62 18 0 64 0 76 0 0 53 41 0 37 0 0 0 43 91 22 0 60 97 0 58 4 0 40 20 35 0 5 26 0 86 0 21 59 0 0 0 25 12 46 0 1 69 3 0 39 47 0 84 0 15 0 52 81 89 7 0 85 0 65 56 32 0 80 0 93 87 94 88 14 0 11 63 0 83 0 67 45 0 73 44 99 10 0 55 74 0 0 96
95 44 100 0 4 0 81 0 7 53 32 0 16 0 0 0 0 0 68 0 11 0 26 70 82 23 33 0 38 27 10 0 24 0 51 0 36 56 0 65 69 20 0 1 0 0 93 79 83 92 52 17 66 12 0 15 0 0 0 63 0 57 0 0 58 50 19 0 0 0 0 0 30 40 86 0 0 0 72 43 35 3 96 61 18 0 0 91 2 0 76 22 0 0 37 0 0 75 98 0
38 97 7 0 0 0 0 86 95 0 0 53 37 33 0 85 56 52 49 88 5 12 17 35 0 13 34 0 66 98 93 0 9 0 28 0 0 0 29 57 0 0 94 15 0 55 19 0 73 77 44 0 69 30 0 0 64 0 8 83 58 22 47 0 48 81 0 0 0 11 0 51 0 84 82 74 0 0 0 91 89 0 0 0 0 40 50 25 63 21 92 0 24 0 0 27 0 59 6 90
69 0 0 0 90 3 35 94 40 100 67 74 0 16 0 86 0 22 48 0 41 0 56 24 45 4 88 23 50 53 0 37 0 97 0 51 47 42 81 0 1 70 5 0 39 8 91 2 0 0 0 87 58 11 52 93 43 62 0 31 0 0 0 76 84 57 96 34 77 73 55 12 66 78 38 0 0 0 0 0 0 68 0 13 75 14 0 60 28 36 0 0 0 0 0 26 29 0 0 89
0 22 0 93 0 54 0 65 0 34 0 13 60 0 0 46 20 64 39 32 0 0 48 0 0 1 0 94 0 52 79 50 95 33 0 0 0 0 0 0 0 0 0 0 44 0 0 0 0 0 45 14 84 51 2 0 3 10 0 0 0 38 0 0 23 62 67 4 72 30 31 0 0 87 99 0 0 21 0 0 0 41 0 0 19 0 0 0 76 86 35 0 0 80 49 63 0 98 17 9
16 29 72 28 0 0 70 88 0 0 91 0 83 0 0 2 0 0 0 8 0 10 0 0 0 62 0 81 0 0 65 0 0 0 3 0 92 0 0 7 0 45 0 30 67 0 0 0 22 52 0 0 15 0 0 0 0 0 0 34 5 0 0 9 89 51 0 66 63 0 0 32 0 98 94 0 0 40 0 96 100 0 26 0 0 39 44 24 0 0 0 99 0 86 60 0 97 0 36 95
99 71 0 51 0 0 15 96 0 8 0 11 14 29 0 44 0 0 0 21 20 68 0 0 54 0 7 90 0 0 0 0 6 0 67 49 80 41 45 64 83 4 69 12 0 0 0 0 0 95 16 0 47 91 89 42 0 0 35 79 0 82 86 3 0 0 85 75 10 46 73 0 53 23 97 28 0 0 39 0 0 34 0 0 62 52 98 0 22 58 0 0 0 33 94 0 57 0 72 84
0 67 56 2 0 66 23 76 82 0 0 0 18 92 77 25 0 36 47 3 33 73 96 21 86 0 0 0 29 9 20 13 26 0 0 55 53 46 43 4 59 75 74 0 68 34 87 37 63 28 98 41 60 0 72 17 95 0 0 0 12 42 49 97 52 0 80 91 0 0 27 58 10 24 30 50 11 90 54 93 69 0 51 15 0 0 71 99 84 0 0 0 0 0 61 88 85 0 39 44
0 0 33 44 80 59 61 60 0 20 0 94 96 15 98 0 34 6 66 0 3 22 74 0 19 0 77 0 30 0 0 0 58 0 0 70 90 0 0 0 18 0 46 0 29 49 0 0 0 85 27 40 0 55 36 0 97 50 0 99 0 8 87 2 37 54 0 16 41 0 0 88 0 0 76 0 52 0 0 81 32 82 42 0 1 93 0 31 0 10 68 0 13 28 0 78 0 79 45 0
4 55 0 13 0 98 0 0 0 37 93 17 0 97 58 89 0 0 38 79 80 91 76 67 69 49 42 61 72 0 0 0 84 94 54 100 0 44 66 0 33 0 0 0 0 36 43 0 81 0 0 59 73 32 82 88 0 0 0 19 99 0 0 60 0 92 31 0 39 83 0 0 64 95 0 2 68 14 0 63 0 9 48 74 30 0 0 0 35 45 0 0 0 0 47 0 22 52 8 0
31 0 0 78 0 0 0 10 64 85 61 0 42 75 40 54 45 0 0 0 0 11 27 63 0 0 0 84 8 51 83 21 52 0 77 36 14 0 0 34 76 0 0 0 82 62 0 0 93 0 53 0 0 90 70 0 92 0 0 0 79 0 0 15 98 33 28 0 0 100 0 9 0 0 1 0 0 13 0 59 2 0 0 17 0 20 12 73 0 6 0 38 81 0 0 0 23 0 0 19
27 42 41 0 47 30 14 0 0 77 72 9 100 90 4 0 0 50 28 0 0 32 58 92 39 0 38 57 0 75 0 48 0 0 91 23 0 0 15 86 0 80 0 60 20 51 31 16 17 0 96 0 25 0 0 66 26 63 0 5 6 0 0 43 70 24 74 55 88 68 0 0 0 0 83 35 0 62 3 0 97 0 61 11 65 56 81 29 95 0 10 53 73 46 40 76 37 0 82 87
47 17 0 89 29 0 57 7 0 14 51 0 95 0 81 52 13 74 0 48 0 0 35 18 41 0 0 39 0 3 63 24 0 8 19 54 98 0 72 68 23 0 0 2 15 0 0 10 0 30 26 0 0 71 0 73 0 20 75 0 32 1 88 12 56 64 46 0 9 0 58 70 0 79 0 0 27 82 0 55 40 60 100 83 5 97 59 0 65 91 0 66 0 50 4 0 0 78 85 92
0 87 0 0 0 63 0 0 54 79 0 10 94 0 0 76 64 3 21 0 0 26 40 5 0 92 56 30 23 0 0 97 61 44 18 32 0 0 14 2 22 25 0 80 43 75 0 0 0 99 58 16 48 86 0 49 0 74 0 0 0 45 0 0 36 82 13 0 67 51 0 0 68 0 0 0 31 46 42 89 88 0 66 12 17 28 0 0 11 0 41 83 69 77 59 95 0 53 0 38
0 0 24 0 85 0 4 73 46 28 2 0 0 98 45 39 16 0 0 0 0 0 0 0 22 95 87 69 54 68 15 23 0 9 55 31 66 80 0 67 94 90 3 89 0 18 0 0 0 11 84 83 0 78 38 0 62 43 0 64 0 44 81 0 0 27 70 0 61 37 0 75 93 96 74 65 0 0 57 0 0 0 99 0 0 26 47 63 10 25 49 20 56 0 13 0 48 30 0 0
33 0 0 6 82 0 72 0 0 61 68 0 34 25 22 36 0 32 0 0 89 17 51 50 0 75 9 66 0 43 0 56 49 84 26 5 88 0 40 0 73 0 0 8 38 19 83 97 12 48 0 29 76 0 0 0 67 28 0 24 7 65 0 78 16 0 0 0 94 58 91 0 11 39 0 20 21 37 45 77 0 4 0 0 64 96 57 0 31 44 74 27 55 52 0 15 35 0 0 80
0 0 40 0 25 0 0 80 98 97 0 87 5 0 96 0 89 59 86 0 0 0 38 0 62 78 83 10 13 24 4 95 12 79 0 0 41 82 0 71 63 0 0 16 70 0 66 17 31 57 21 39 11 100 0 53 93 54 50 2 0 28 99 0 43 84 0 85 47 42 76 64 33 0 0 0 44 0 0 0 75 0 0 94 0 0 36 0 58 0 0 0 0 60 23 1 0 90 19 73
51 0 0 5 2 0 0 67 16 0 0 0 57 63 0 0 0 0 43 1 77 55 0 88 48 0 0 44 61 0 0 22 0 37 42 96 6 0 91 94 0 79 36 14 0 47 0 29 40 9 0 34 99 82 0 95 0 0 32 60 0 0 0 24 90 0 21 0 17 71 41 59 0 92 56 0 0 0 0 0 70 15 38 0 35 49 93 27 0 0 0 65 62 100 0 84 0 0 68 0
76 60 36 94 0 68 0 0 0 0 0 99 82 50 0 0 15 58 0 66 19 0 0 0 14 21 73 12 85 0 78 62 16 28 33 0 3 0 27 0 0 0 0 13 61 96 100 65 72 0 77 0 0 18 45 23 0 0 0 0 0 0 26 0 22 0 0 0 87 25 5 0 52 32 34 0 0 69 0 80 81 48 56 0 0 0 0 92 1 0 0 54 97 0 0 75 44 91 46 0
0 96 23 95 30 0 0 27 42 12 75 0 20 70 80 37 71 0 77 19 46 0 94 0 97 0 60 0 0 36 43 69 29 85 0 99 0 0 10 0 0 1 0 44 86 0 41 0 91 0 0 0 72 0 92 0 13 8 15 0 31 100 62 0 0 0 79 83 73 54 66 0 49 17 0 6 0 26 0 0 39 0 89 78 76 67 84 98 90 0 11 87 3 0 28 24 25 0 0 61
0 83 0 0 37 58 66 75 99 64 79 0 23 12 0 11 0 0 0 38 0 0 72 100 0 6 80 4 28 70 1 0 57 0 81 0 60 0 65 92 71 35 76 55 51 56 54 42 0 0 0 0 0 19 47 7 52 88 0 27 0 77 0 30 0 0 2 96 53 98 16 22 14 13 0 94 3 0 0 0 20 85 0 50 45 0 0 33 0 9 5 67 0 0 0 43 82 18 40 0
71 0 70 43 0 10 88 35 0 0 8 83 67 0 78 0 0 0 44 14 58 2 32 15 34 81 52 0 63 82 36 89 64 87 93 39 0 38 0 0 28 0 0 20 27 95 0 6 77 68 0 25 59 0 90 0 37 0 69 41 80 49 0 0 40 55 97 0 75 60 0 24 0 29 84 0 0 0 0 0 19 61 54 23 0 0 53 62 0 0 17 0 57 42 7 0 96 47 86 0
0 0 29 100 61 81 0 0 27 35 14 42 74 82 30 5 91 0 0 0 90 0 0 11 79 44 0 96 99 0 17 98 77 0 49 60 0 0 71 41 0 24 78 33 0 22 36 67 0 37 59 86 38 0 39 63 57 0 0 0 43 56 68 0 0 0 18 73 0 20 0 21 23 9 0 46 0 28 76 66 25 58 52 0 84 4 0 34 47 69 0 0 0 0 0 72 12 0 2 3
0 0 0 0 92 23 6 14 4 16 7 24 36 0 0 35 40 85 98 11 45 29 0 60 25 0 12 0 0 0 55 100 48 47 21 0 5 0 89 39 0 32 0 91 64 0 18 13 0 15 0 0 53 74 10 1 0 72 73 69 2 58 57 0 50 3 71 17 0 0 81 0 0 93 0 68 30 65 0 0 67 0 62 31 49 0 37 96 99 94 20 0 44 0 56 97 90 0 95 0
74 0 0 80 0 62 0 40 0 52 89 6 0 18 0 88 55 13 1 0 92 0 41 82 10 3 95 0 91 2 42 63 0 0 86 0 37 23 0 72 16 77 29 79 66 0 0 39 0 0 25 60 100 17 0 84 21 90 26 0 0 24 69 0 11 49 0 67 0 78 0 0 51 54 0 96 32 61 0 0 87 0 0 0 0 0 7 28 0 81 27 0 64 83 0 33 65 0 73 99
0 0 38 0 54 0 0 0 56 2 94 68 0 27 29 45 0 83 59 0 34 0 16 46 0 0 74 37 73 64 0 99 0 0 0 75 0 8 92 62 0 21 30 53 0 89 0 0 80 88 15 20 31 0 67 44 36 70 48 97 10 7 41 33 19 39 0 63 0 86 0 84 47 58 12 85 0 43 69 0 26 0 0 82 0 0 0 55 50 1 0 51 11 0 87 25 71 0 0 49
20 31 53 60 72 0 90 28 57 0 33 71 79 32 61 0 0 75 93 0 23 0 19 49 88 0 0 70 0 47 29 0 74 0 96 94 0 76 25 0 86 50 51 0 97 46 92 59 44 0 0 0 0 81 43 0 0 65 56 22 85 83 0 95 13 99 26 0 55 0 14 91 80 0 62 8 35 36 0 0 12 98 0 54 78 2 66 39 21 48 0 9 0 0 0 7 89 0 77 0
97 78 69 25 0 0 0 33 0 0 22 0 65 0 17 47 0 12 0 20 0 0 50 0 0 0 8 0 0 0 0 1 93 15 0 53 24 59 82 0 14 7 0 94 0 6 58 0 55 75 91 0 88 4 0 0 0 98 0 66 70 0 92 0 96 30 0 77 38 0 26 39 0 0 0 0 0 74 100 90 80 10 76 51 0 3 0 0 0 0 0 35 0 0 52 0 79 0 29 0
50 0 94 26 41 0 79 0 75 11 0 0 0 43 57 31 60 76 0 25 65 14 28 71 98 0 0 72 0 0 6 38 97 0 0 68 30 88 18 0 12 0 96 62 49 0 20 23 0 5 0 95 0 0 85 0 0 35 0 54 0 9 37 32 4 0 0 0 34 16 0 89 0 0 63 0 92 59 0 24 83 0 19 0 0 61 46 8 0 0 22 74 36 0 15 58 0 13 69 0
64 86 84 36 68 0 0 66 0 39 48 3 0 21 0 73 100 16 0 41 0 85 89 0 77 38 32 0 6 5 33 2 90 26 0 9 51 69 0 0 0 61 0 28 10 0 63 87 60 0 83 8 0 80 0 0 50 0 0 76 23 79 12 0 0 1 72 0 0 97 0 94 40 0 27 4 37 0 0 17 74 0 0 22 95 0 30 13 71 0 43 75 14 0 70 42 47 46 96 0
0 0 55 42 73 51 22 0 15 91 0 0 90 95 10 0 38 23 52 97 7 0 0 0 0 63 62 9 1 21 0 64 85 35 50 81 83 0 70 0 26 0 0 17 41 0 0 47 43 25 75 0 93 58 12 13 99 61 0 46 0 98 0 27 0 76 0 28 0 66 33 49 57 71 48 0 87 0 2 44 0 0 79 45 29 100 11 40 36 20 16 92 78 0 5 0 30 68 0 88
43 0 0 49 3 0 0 0 59 0 54 0 0 99 67 0 0 37 0 39 0 51 66 76 0 69 86 0 22 0 95 11 0 57 31 0 28 79 0 56 48 0 27 0 83 0 4 0 98 0 2 0 55 0 33 0 0 0 0 0 47 61 0 0 0 8 87 46 84 21 0 0 18 0 60 10 50 16 0 6 0 0 97 68 53 0 0 0 17 0 0 85 26 38 32 80 0 81 100 82
52 23 48 0 28 80 39 45 34 0 0 25 13 66 0 98 24 91 0 0 38 0 0 41 90 86 0 74 0 14 44 0 0 20 0 56 0 0 77 10 0 15 47 37 94 0 97 82 5 0 85 0 0 0 40 0 83 51 11 0 0 2 60 81 1 0 59 0 49 27 72 0 75 64 61 16 84 0 0 0 93 0 0 18 69 46 0 0 0 63 50 7 22 73 0 96 0 29 78 12
0 75 83 11 0 0 0 0 96 24 21 0 44 0 63 0 0 18 0 0 25 0 9 97 15 17 26 0 94 0 22 0 99 0 34 74 0 93 76 30 62 78 79 0 1 13 51 0 10 0 54 73 32 57 0 31 0 64 28 37 45 0 33 98 0 7 88 90 5 48 71 0 67 0 89 0 69 0 6 0 53 42 84 0 0 23 2 38 0 92 0 80 0 0 0 61 72 0 55 100
0 0 57 0 0 0 0 61 0 43 4 37 0 0 71 0 0 0 32 0 0 64 0 0 49 0 69 56 31 0 0 72 73 52 36 46 12 84 54 0 39 60 0 0 7 0 35 0 3 0 0 97 0 42 0 79 0 41 95 29 17 26 58 80 10 74 100 0 68 62 0 40 0 0 96 33 0 0 0 14 30 66 87 77 94 55 86 0 59 0 88 0 51 27 45 85 83 16 65 67
30 15 2 33 0 14 59 0 32 49 41 0 80 11 56 0 57 42 3 0 18 37 0 36 47 43 0 0 48 0 16 0 7 0 0 0 61 0 50 83 4 0 24 23 0 0 75 98 67 89 63 0 70 39 100 0 60 0 53 0 0 0 0 0 0 0 95 0 93 40 46 0 0 88 0 76 66 0 38 58 6 0 22 0 91 72 0 0 20 71 87 0 54 74 62 81 77 35 0 0
0 0 0 0 0 0 0 18 77 88 28 20 92 67 87 14 17 31 45 52 1 0 0 29 63 71 61 85 0 99 66 4 0 68 65 0 0 49 0 13 0 58 0 41 0 0 64 8 0 0 89 94 0 23 0 59 0 0 24 82 0 96 0 0 83 69 0 39 42 22 0 30 0 50 0 60 47 0 81 79 33 70 98 0 25 0 75 0 0 57 0 86 90 0 0 46 76 0 0 0
100 0 16 53 99 31 0 0 0 76 60 0 0 94 79 65 90 9 0 12 0 80 4 0 0 77 57 8 0 89 87 91 55 0 0 19 23 67 41 0 0 29 0 0 25 21 0 0 69 26 0 0 0 0 34 0 0 78 0 0 0 37 20 44 61 43 32 64 15 75 45 28 1 10 54 0 0 18 93 13 51 0 36 47 88 35 68 0 0 0 59 58 5 82 0 49 52 48 0 0
0 50 60 98 0 29 3 8 44 36 88 55 0 0 16 0 7 95 78 26 6 54 0 0 24 0 0 0 59 58 31 0 33 96 0 0 40 57 0 25 0 52 81 0 0 66 0 74 0 87 90 0 10 93 18 76 20 0 0 49 67 51 11 53 0 12 0 41 0 4 94 0 35 63 85 0 17 0 65 0 0 79 39 80 89 37 14 0 0 100 38 19 0 91 30 0 0 84 99 0
78 0 0 0 0 12 84 85 35 0 0 58 0 0 0 75 74 0 0 96 0 0 39 45 0 0 0 68 44 100 9 80 17 14 0 0 79 94 38 89 30 2 0 0 76 0 0 40 0 86 61 48 71 0 7 36 15 67 0 47 21 73 0 92 29 66 50 0 25 23 0 0 91 19 0 0 83 0 0 0 0 49 81 0 0 90 0 5 16 0 13 31 0 20 26 69 11 64 43 0
0 0 0 62 0 0 0 22 90 72 83 0 59 0 93 0 0 48 34 81 50 92 84 79 65 73 0 0 3 0 32 71 98 0 0 0 29 53 0 75 0 28 70 85 0 45 17 38 9 54 43 0 26 21 0 68 6 46 77 16 35 0 76 8 14 87 63 0 0 0 0 23 0 0 5 100 0 0 56 0 0 74 0 40 61 0 0 10 82 67 95 2 89 15 66 0 42 94 97 0
0 0 0 0 0 73 0 68 0 40 64 8 85 23 0 0 47 0 36 72 93 88 20 66 87 67 2 0 12 91 45 0 39 0 37 11 81 26 0 78 46 0 0 100 0 84 32 96 0 63 33 0 52 5 4 0 0 55 38 0 0 54 0 57 3 0 77 31 89 0 0 7 25 82 0 0 53 0 0 51 43 0 24 0 97 41 0 15 48 0 0 71 75 0 92 34 21 9 0 0
41 1 0 12 0 0 0 0 85 83 36 61 71 0 49 0 95 97 0 70 0 74 11 6 76 0 91 82 32 0 72 0 0 42 0 0 25 17 52 21 0 92 73 0 100 0 53 0 87 23 55 5 0 0 75 0 51 14 34 0 96 43 7 0 31 38 10 79 66 59 0 0 90 0 0 80 0 81 24 46 0 0 0 0 50 29 33 0 68 0 26 0 0 78 0 0 39 0 64 27
0 0 0 0 76 0 0 57 0 51 19 52 0 38 0 0 0 27 6 75 63 20 90 0 80 0 47 0 26 62 68 0 1 11 59 0 73 0 0 0 7 0 61 70 95 0 0 81 30 16 29 0 0 99 0 56 0 17 88 58 0 0 0 41 42 91 0 97 18 0 89 14 0 66 0 32 71 0 0 0 0 54 55 25 0 36 0 12 0 0 0 0 65 85 53 0 67 0 34 0
0 62 49 61 86 72 0 0 0 5 46 96 91 0 83 0 0 88 24 0 0 18 0 10 50 0 27 0 0 37 0 47 63 0 14 95 0 32 99 60 43 68 55 78 0 0 6 0 51 39 0 0 0 38 0 0 73 59 13 0 15 0 89 0 0 28 11 0 0 0 0 0 87 0 0 30 97 34 0 0 0 17 80 64 52 0 0 26 0 0 19 0 100 58 0 20 93 3 70 0
22 7 80 46 31 0 0 20 11 0 0 100 0 0 0 15 68 0 0 10 64 0 44 0 83 36 48 0 97 4 61 0 66 0 58 45 13 2 34 53 29 0 77 38 56 0 67 89 62 0 60 63 18 27 86 0 0 84 41 0 81 76 72 71 30 85 0 78 0 0 0 0 37 0 57 0 0 0 55 49 0 0 35 32 6 0 9 87 88 0 0 91 0 54 0 74 28 0 0 33
0 0 8 14 0 0 0 0 24 0 98 0 51 9 60 67 37 0 89 34 17 1 0 59 0 94 66 95 0 12 92 26 30 0 29 0 43 39 57 0 0 0 64 90 69 99 85 0 82 35 0 91 44 20 74 0 49 21 25 71 0 0 55 0 0 45 0 36 0 52 53 0 0 7 0 86 0 0 0 0 76 93 78 72 0 0 100 0 5 65 0 0 31 88 2 23 63 56 13 81
93 0 79 29 0 67 0 70 0 55 0 23 0 41 72 90 87 66 54 0 78 25 61 0 0 0 53 0 5 7 0 46 0 0 35 62 10 50 100 88 24 0 58 59 0 0 26 80 0 0 82 77 28 0 32 81 0 36 0 0 0 0 0 0 0 22 83 0 0 0 64 0 0 43 0 0 4 27 60 0 57 11 49 14 47 0 96 30 86 99 0 98 38 92 44 21 1 76 0 0
91 56 0 3 0 0 37 99 0 0 0 0 7 64 0 0 8 29 55 22 0 0 93 0 0 0 30 60 98 15 0 0 89 0 0 67 0 5 4 0 13 0 0 0 18 88 0 0 54 45 0 0 87 0 0 47 0 33 0 1 0 0 0 46 57 34 23 49 100 2 70 44 0 65 0 73 0 0 0 0 0 0 10 92 51 95 69 66 0 62 0 0 84 97 35 0 0 0 71 75
84 95 0 0 0 0 0 90 0 27 0 26 0 13 0 0 48 40 0 16 0 24 87 0 67 22 23 100 0 34 0 55 15 19 0 93 44 74 0 3 52 11 0 0 75 33 50 76 0 0 12 79 97 8 0 78 80 9 64 10 0 53 0 68 0 5 0 0 0 65 17 99 0 0 0 0 2 6 0 0 0 59 1 41 0 0 85 0 7 0 37 29 61 18 51 47 69 0 66 0
92 38 78 35 87 75 43 26 60 48 11 63 0 58 59 74 0 62 0 0 16 0 2 0 29 52 79 0 69 0 18 85 27 0 0 0 20 0 22 54 31 0 72 32 17 0 44 15 41 98 95 4 68 94 30 89 66 23 0 0 93 21 50 84 9 0 0 0 0 3 39 100 0 0 0 0 0 0 96 56 73 0 0 37 0 82 0 0 0 40 99 46 8 25 12 0 0 0 14 0
34 4 28 64 0 9 94 53 0 0 0 77 56 0 82 84 73 0 79 30 72 0 0 14 0 0 51 0 46 0 37 49 65 31 78 71 0 36 0 24 47 0 2 93 0 0 1 0 0 91 50 35 62 54 69 6 0 40 19 42 86 99 0 0 88 0 12 0 0 0 67 0 61 33 0 92 0 3 0 0 18 83 0 0 8 38 0 81 0 43 96 17 87 5 0 0 0 45 0 52
19 5 14 37 67 50 0 97 0 0 0 66 0 85 0 32 41 11 0 76 68 49 45 69 64 46 93 98 100 0 3 0 18 86 92 0 0 43 0 70 0 0 42 0 2 0 71 0 52 13 0 7 21 0 84 8 90 16 72 0 34 81 0 0 79 80 91 0 99 0 0 53 15 0 0 0 9 48 89 33 63 44 88 0 0 10 0 94 26 24 0 95 0 47 73 0 54 36 62 40
0 0 0 0 100 0 80 2 0 58 70 19 0 0 0 0 0 4 81 0 85 65 3 13 0 53 0 24 21 76 0 77 0 0 0 34 42 90 37 17 89 22 0 82 47 0 94 73 56 20 0 67 64 46 98 0 86 0 79 26 57 59 5 16 0 25 35 92 0 10 0 0 0 41 0 27 54 0 0 62 0 23 0 0 9 87 0 0 74 0 0 8 45 44 0 39 43 0 33 72
13 0 20 0 62 0 30 24 89 70 59 0 22 0 37 0 61 63 92 50 42 27 0 48 7 0 6 0 0 0 0 0 0 0 0 25 87 81 80 0 0 0 99 4 53 93 0 88 8 0 19 0 36 0 0 0 0 0 85 0 90 0 0 64 0 0 0 68 60 12 2 0 0 0 49 0 23 0 83 86 31 0 0 0 58 43 77 65 29 0 98 0 21 76 11 67 0 0 91 55
79 0 0 52 53 0 99 98 25 87 29 95 15 0 0 0 0 45 71 69 0 70 0 61 26 82 50 0 35 0 0 67 0 0 84 73 0 62 88 59 91 81 0 49 16 0 57 58 18 0 80 0 2 1 11 0 0 60 0 0 0 0 0 21 28 0 55 0 27 31 0 5 8 0 0 75 0 0 0 0 17 33 68 36 0 0 56 0 0 38 89 4 9 0 19 6 3 10 0 13
63 66 35 0 56 88 48 78 0 10 87 73 3 65 0 91 43 80 82 62 0 0 86 72 0 0 37 38 0 20 76 52 0 0 0 85 55 95 0 99 74 0 50 39 0 27 0 11 0 32 5 9 42 75 49 54 71 18 0 68 61 30 100 0 0 6 0 0 8 33 44 92 0 94 19 17 64 0 0 12 7 45 4 93 22 0 0 0 57 51 34 28 46 31 96 14 0 0 81 15
0 64 0 71 0 95 27 16 22 57 42 0 0 52 88 0 39 0 0 0 0 67 0 0 51 87 81 73 92 33 0 0 0 4 0 30 0 6 0 5 0 62 86 83 0 69 0 0 90 78 23 0 61 0 28 12 96 0 0 55 40 94 0 0 7 9 3 0 74 0 0 0 0 100 43 0 63 1 0 0 34 0 91 20 48 0 0 46 54 0 2 0 68 0 77 0 0 99 18 65
26 0 59 0 0 33 0 54 43 0 25 46 2 0 0 83 27 0 0 17 79 0 52 30 0 34 18 91 0 0 89 0 50 0 32 0 38 98 36 97 72 0 14 0 0 87 9 51 0 40 31 0 0 6 0 77 0 92 62 78 0 0 73 0 0 47 45 20 44 53 13 37 0 16 67 0 95 0 0 7 90 0 0 39 15 21 0 0 85 66 60 0 70 29 0 0 0 0 56 0
0 49 0 0 60 0 0 0 0 0 0 0 0 0 0 0 67 28 0 13 74 95 78 0 16 40 0 0 15 0 0 0 0 0 0 0 91 22 0 51 0 85 0 0 31 92 21 0 68 0 35 0 50 0 0 3 87 29 0 0 0 41 0 82 0 36 0 0 26 84 61 0 45 0 25 0 0 0 0 10 98 71 0 69 55 0 72 1 0 0 0 0 80 53 93 5 0 83 75 86
0 0 0 0 0 0 21 47 0 92 0 0 55 86 99 49 18 10 0 0 75 0 0 84 0 80 90 0 0 23 0 0 40 0 100 0 15 0 0 16 96 0 59 19 30 54 0 64 38 33 0 52 0 0 95 43 0 0 45 0 78 0 0 0 93 0 98 0 0 77 74 0 88 35 0 70 57 0 0 0 13 0 0 0 0 5 0 76 61 53 0 42 0 26 0 66 41 37 20 69
94 0 46 75 0 0 0 6 0 73 0 48 12 20 23 0 58 47 0 0 10 57 43 0 0 0 29 63 77 8 0 61 54 13 44 72 2 33 26 0 80 97 1 0 36 0 7 0 0 0 0 0 89 25 99 51 0 0 0 81 0 0 0 39 67 83 38 62 50 49 52 34 0 0 0 59 90 0 0 0 0 96 14 0 27 0 19 0 0 0 0 0 0 0 0 30 0 82 0 32
77 0 0 30 18 0 38 0 29 0 3 0 0 34 19 41 2 24 0 0 62 69 0 98 75 16 59 17 0 60 80 0 0 95 53 0 49 7 63 43 84 9 0 65 0 85 10 0 92 82 0 74 90 70 21 83 0 0 12 36 0 0 28 13 51 0 1 81 52 0 0 15 0 0 26 25 0 42 47 0 0 0 0 88 96 71 0 48 66 23 0 40 37 0 27 11 0 22 61 0
96 34 62 0 0 61 0 0 50 4 0 47 10 45 94 0 6 89 90 0 91 0 63 95 0 100 0 92 71 57 40 36 60 0 0 2 97 87 69 85 0 30 39 68 0 41 0 35 99 0 0 0 77 24 0 55 7 19 93 53 72 0 80 25 20 31 86 9 3 0 51 38 59 0 17 0 98 56 16 0 0 28 15 75 42 0 0 0 81 13 0 12 83 0 67 29 73 0 88 66
1 0 66 48 64 46 32 63 51 0 0 22 0 62 0 13 0 60 50 87 99 0 25 77 0 85 28 19 0 0 54 79 42 75 6 0 96 0 0 74 0 0 0 95 52 67 78 0 33 70 69 80 0 43 61 97 0 39 59 45 0 92 0 49 0 0 73 37 29 8 93 68 0 12 35 88 65 11 58 27 0 18 0 53 72 24 89 0 0 55 86 0 4 36 17 0 0 0 0 20
58 0 0 10 44 0 97 23 53 0 0 0 88 0 32 68 92 17 73 55 0 93 22 87 70 20 84 7 65 42 41 51 0 67 39 86 0 78 33 0 100 47 45 77 89 0 0 0 50 64 0 0 35 0 6 0 5 15 0 94 83 34 16 19 21 59 0 0 71 91 18 52 0 0 0 0 0 60 1 40 0 57 82 46 0 0 62 0 0 0 80 13 43 9 0 0 31 74 0 14
9 90 98 0 65 55 0 3 92 56 66 76 21 100 39 99 77 0 0 0 0 0 29 34 1 5 67 88 51 0 91 0 20 81 0 24 50 0 44 0 0 8 93 18 0 0 61 0 96 17 22 0 54 10 16 0 23 27 40 0 48 0 97 0 75 0 94 12 35 79 0 2 62 0 78 7 86 32 0 87 0 0 6 33 26 30 74 37 43 0 0 0 95 0 41 68 45 0 0 0
0 40 0 0 27 17 0 0 71 81 96 5 0 84 0 97 23 57 33 0 26 0 0 78 73 0 89 2 9 18 35 0 25 0 38 83 16 1 0 37 60 0 22 34 0 31 0 86 0 79 0 42 0 0 63 20 30 0 87 11 41 0 0 0 82 32 4 0 62 45 95 0 0 85 64 49 36 54 28 69 29 47 0 91 10 0 0 70 56 80 0 0 0 98 0 93 6 39 76 0
0 35 12 0 20 57 0 19 80 0 0 49 93 54 1 0 82 14 0 36 0 0 79 81 0 74 0 86 0 0 0 0 34 99 0 0 0 0 31 18 0 51 37 0 23 0 28 0 11 24 38 0 0 29 0 0 0 100 0 96 0 0 70 47 65 0 30 60 0 7 0 0 13 55 91 77 0 0 33 4 22 0 83 90 0 16 63 0 94 0 0 0 52 32 21 48 0 0 0 0
36 0 88 47 15 0 5 0 72 99 40 81 8 78 35 38 0 71 0 59 56 0 0 0 44 0 0 76 43 48 73 0 28 45 22 90 32 0 0 52 0 0 62 69 21 14 0 57 2 7 37 68 51 49 26 0 98 0 65 0 54 0 96 0 46 67 27 0 0 18 83 79 0 0 0 0 80 19 66 74 0 87 86 0 41 34 4 3 12 39 82 25 0 55 1 0 10 77 0 0
8 74 0 91 0 22 0 37 94 7 0 75 0 42 0 0 70 51 15 0 31 0 21 12 30 47 13 0 10 40 27 0 0 0 46 3 57 0 9 58 0 0 6 0 0 0 0 0 29 0 32 81 0 52 62 41 0 73 0 88 69 64 98 23 0 0 24 26 11 36 50 45 0 0 0 48 0 76 63 34 78 14 85 95 0 59 0 0 0 77 71 72 0 0 18 0 49 33 0 0
42 52 45 0 0 78 16 13 0 0 85 0 43 31 18 0 0 0 0 80 94 0 33 32 11 83 4 27 0 96 47 65 68 0 62 0 0 72 0 14 55 98 53 3 91 12 0 0 0 81 79 0 0 64 1 9 0 25 86 0 39 88 0 56 15 61 0 76 95 74 0 82 0 0 0 0 0 89 0 75 5 21 0 100 73 17 58 0 0 7 44 70 28 87 8 0 50 92 57 0
0 0 99 0 88 0 24 0 14 68 57 0 72 1 38 0 32 2 27 0 0 0 65 0 9 50 96 11 90 78 0 0 0 0 83 0 48 92 39 49 0 76 0 0 28 42 16 61 45 100 0 0 7 47 22 40 41 0 0 74 59 70 0 86 8 0 0 94 0 0 0 93 0 60 81 84 0 0 52 0 82 0 53 0 0 79 0 0 73 5 66 0 34 30 69 0 0 44 0 6
21 0 0 0 0 0 2 0 0 31 0 80 47 0 0 42 97 92 96 77 81 6 7 75 0 70 71 22 0 73 0 29 0 0 0 26 0 35 55 0 41 69 11 51 58 0 24 0 1 0 14 0 17 62 0 25 0 0 9 15 0 0 95 0 0 0 76 5 32 0 40 57 0 0 28 0 61 0 0 0 0 0 65 48 33 0 27 54 0 12 46 93 91 4 74 0 0 0 89 0
0 61 32 0 19 0 62 51 5 54 86 41 0 0 0 58 59 0 75 28 57 0 77 0 0 12 64 48 42 69 0 34 8 93 0 65 0 0 1 50 21 96 38 0 0 0 40 52 0 31 66 0 56 83 81 0 24 76 33 0 84 3 46 73 45 0 14 25 98 0 0 67 99 4 0 0 6 80 0 9 0 91 0 0 36 0 0 0 89 74 0 49 23 71 55 0 87 70 37 0
0 57 37 0 0 85 0 89 0 0 0 88 24 8 48 61 0 25 30 0 67 63 53 0 99 79 54 0 0 0 74 27 75 0 72 0 9 100 84 31 0 0 23 0 33 73 95 22 64 0 71 19 20 0 94 28 35 87 92 4 0 16 1 0 34 17 82 0 0 38 0 98 0 0 3 0 62 66 0 45 60 2 70 76 86 7 0 52 51 0 0 50 29 68 78 0 0 97 90 43
11 0 0 66 34 35 0 30 41 0 0 0 52 69 0 33 14 20 0 0 61 62 59 26 8 10 15 18 95 38 0 0 0 0 99 42 7 0 56 0 0 94 19 0 0 43 74 12 32 97 0 0 96 73 29 39 0 3 0 0 0 47 64 87 100 0 0 2 0 55 48 0 22 89 0 24 58 0 5 78 0 37 17 16 90 9 92 0 75 49 0 0 0 0 88 51 0 1 84 31
48 0 90 84 10 0 0 77 0 0 74 35 0 71 0 3 63 39 53 0 2 0 80 23 0 0 5 0 56 0 0 78 19 30 43 0 21 89 0 44 99 0 0 0 88 26 49 92 0 36 6 0 0 79 0 27 82 0 91 95 42 0 0 31 0 60 33 0 0 93 0 13 0 59 0 0 1 0 68 72 38 69 20 0 85 0 0 83 55 29 40 0 0 11 75 65 98 100 41 47
0 0 0 74 0 82 0 83 58 15 17 50 0 0 0 0 0 70 0 0 100 40 0 43 28 0 55 0 0 0 85 33 37 64 23 38 67 97 0 0 66 0 87 0 0 86 46 56 75 34 68 53 80 89 0 0 0 99 44 90 77 4 0 79 0 11 9 88 0 39 8 16 54 0 69 0 0 95 0 26 47 0 25 42 14 6 0 72 0 61 0 36 0 45 20 19 0 2 5 10
0 33 95 0 81 0 0 55 18 0 100 79 0 0 0 16 0 78 0 0 32 84 0 0 0 88 39 31 45 93 0 57 62 25 0 0 0 66 60 47 0 0 0 67 98 63 0 0 71 0 97 0 0 0 0 37 0 77 1 0 0 0 36 51 24 13 48 6 0 44 0 46 83 91 73 0 0 0 0 21 0 0 0 34 0 0 0 43 40 0 0 64 76 0 0 0 0 85 3 8
0 25 0 9 0 8 52 44 20 0 13 43 49 7 64 34 0 0 60 45 0 0 36 0 92 33 0 0 82 19 0 76 81 0 95 41 0 4 0 61 10 39 0 29 79 77 0 5 89 0 11 58 85 84 42 16 70 69 0 23 53 0 30 50 68 40 0 0 37 0 90 96 0 0 0 0 55 94 0 0 24 62 0 98 63 0 80 0 87 3 14 0 67 22 0 57 99 0 0 0
70 0 73 39 59 27 0 50 69 26 55 44 81 68 0 40 0 54 0 9 35 97 85 89 3 66 0 0 0 0 24 87 51 10 79 0 0 14 0 82 0 0 60 0 84 37 0 62 47 0 8 36 34 45 0 5 31 52 63 93 18 78 43 0 0 0 29 72 28 90 12 0 76 74 88 0 75 25 19 30 0 22 0 0 99 58 64 100 0 0 48 15 0 21 86 83 80 61 42 7
25 0 64 40 7 18 0 42 88 75 20 0 0 10 0 0 62 0 12 0 0 71 57 8 46 0 70 15 33 0 0 54 11 0 0 79 77 31 0 32 6 16 43 0 9 0 0 0 86 0 87 55 95 41 44 0 0 0 0 13 0 0 63 0 0 23 0 99 22 26 3 0 0 27 66 0 0 0 0 61 0 81 0 5 37 48 17 0 0 0 0 0 59 0 39 0 68 80 28 0
85 70 0 23 0 69 0 0 0 0 0 31 53 2 42 0 76 21 0 0 87 83 0 0 0 27 25 0 80 0 0 7 0 90 0 0 0 86 0 1 0 44 0 98 45 0 0 24 0 0 28 100 29 36 65 22 0 0 0 0 0 33 0 62 0 77 0 0 0 19 38 41 4 0 32 0 0 84 13 48 0 8 9 99 0 0 73 0 96 0 0 18 0 0 0 0 46 63 54 64
0 0 91 0 0 86 0 0 0 30 92 0 26 81 90 0 52 38 29 0 12 0 42 62 23 65 0 0 0 0 60 0 22 0 0 0 68 24 2 36 0 27 49 25 40 15 70 78 0 21 72 0 67 0 66 61 84 0 0 0 100 89 0 59 39 97 41 74 0 17 34 0 20 77 0 0 88 0 0 53 0 0 0 0 0 80 0 0 0 4 8 0 33 69 0 73 19 7 44 5
0 73 31 82 0 49 0 58 0 0 47 0 45 24 0 0 11 0 0 0 0 98 0 0 0 0 17 6 75 22 0 0 0 0 0 0 89 21 83 0 57 64 0 0 77 0 88 55 95 72 81 99 4 0 0 0 0 0 0 9 0 0 0 91 0 52 93 84 0 0 69 43 0 26 0 0 94 0 0 0 54 0 23 28 40 0 0 0 39 0 0 0 1 34 48 0 100 0 0 16
6 68 50 16 0 0 0 46 0 89 0 0 70 61 91 64 84 65 0 0 4 0 97 73 93 0 0 0 0 63 0 0 35 34 41 33 94 0 98 0 51 0 12 54 0 0 37 69 85 18 62 0 0 0 5 0 78 0 71 39 0 13 0 72 0 0 0 86 58 0 0 0 0 0 0 67 49 0 0 0 59 31 47 30 0 0 0 0 14 0 56 43 0 0 83 38 27 57 79 21
54 65 0 0 94 83 0 52 0 63 49 4 89 0 0 82 80 30 67 0 0 0 31 0 0 76 0 43 20 0 0 0 59 0 0 0 0 0 0 0 2 0 0 0 74 0 29 48 0 10 0 3 92 56 0 0 27 75 7 6 37 0 0 0 0 46 69 0 0 0 57 0 86 0 87 0 0 35 0 0 0 13 50 0 79 51 0 44 0 22 91 97 0 81 36 60 58 93 0 25
0 0 10 0 74 90 0 56 0 66 78 0 9 57 0 93 0 73 0 94 30 45 54 55 0 61 0 21 0 81 0 5 100 0 0 0 82 71 8 48 19 3 20 92 65 0 0 53 84 0 76 0 49 0 0 0 32 0 0 0 27 60 0 0 0 79 34 0 80 35 0 17 58 31 0 29 89 0 0 18 72 12 41 0 0 86 16 69 0 0 6 37 0 0 50 77 88 40 24 23
81 0 0 59 0 24 0 95 0 0 5 33 41 17 0 0 99 34 18 0 36 47 0 74 0 72 40 26 78 77 38 0 0 0 0 0 93 91 0 6 11 42 56 0 8 0 13 0 79 0 64 0 23 88 0 35 48 0 0 0 55 0 0 0 0 0 57 98 2 32 0 0 92 62 0 21 76 0 0 0 0 63 3 0 83 0 43 0 0 46 65 10 0 51 90 0 0 14 30 0
28 80 77 21 0 0 0 17 100 0 15 0 46 0 0 0 3 7 35 0 60 0 82 0 0 9 68 5 53 16 26 20 0 0 0 0 65 58 0 0 0 91 0 0 99 90 59 4 94 38 40 18 98 96 19 69 0 0 30 43 0 0 45 0 0 0 0 0 0 92 24 0 39 0 79 64 78 75 0 50 0 97 0 89 87 0 67 2 0 0 0 61 0 0 29 71 66 0 0 11
0 98 0 0 33 0 0 79 0 0 97 0 63 0 0 59 0 100 13 40 44 19 1 99 56 2 0 0 0 10 0 0 67 3 30 0 18 25 85 0 36 0 75 81 14 39 0 0 0 0 0 57 24 0 51 0 8 86 52 0 50 0 0 4 54 88 20 48 0 0 28 0 0 68 0 0 5 0 0 16 91 95 92 29 32 60 0 0 0 78 0 0 72 96 42 0 0 12 74 0
